,DQA1*01:01,DQA1*01:02,DQA1*01:03,DQA1*01:04,DQA1*01:05,DQA1*01:06,DQA1*01:07Q,DQA1*01:08,DQA1*01:09,DQA1*01:10,DQA1*01:11,DQA1*01:12,DQA1*01:13,DQA1*01:14,DQA1*01:15N,DQA1*01:16N,DQA1*01:17,DQA1*01:18,DQA1*01:19,DQA1*01:20,DQA1*01:21,DQA1*01:22,DQA1*01:23,DQA1*01:24,DQA1*01:25,DQA1*01:26,DQA1*01:27,DQA1*01:28,DQA1*01:29,DQA1*01:30,DQA1*01:31,DQA1*01:32,DQA1*01:33,DQA1*01:34,DQA1*01:35,DQA1*01:36,DQA1*01:37,DQA1*01:38,DQA1*01:39,DQA1*01:40Q,DQA1*01:41,DQA1*01:42,DQA1*01:43,DQA1*01:44,DQA1*01:45,DQA1*01:46,DQA1*01:47,DQA1*01:48,DQA1*01:49,DQA1*02:01,DQA1*02:02N,DQA1*02:03,DQA1*02:04,DQA1*02:05,DQA1*02:06,DQA1*02:07,DQA1*02:08,DQA1*02:09,DQA1*02:10,DQA1*02:11,DQA1*02:12,DQA1*03:01,DQA1*03:02,DQA1*03:03,DQA1*03:04,DQA1*03:05,DQA1*03:06,DQA1*03:07,DQA1*03:08,DQA1*03:09,DQA1*03:10,DQA1*03:11,DQA1*03:12,DQA1*03:13,DQA1*03:14,DQA1*03:15,DQA1*03:16,DQA1*04:01,DQA1*04:02,DQA1*04:03N,DQA1*04:04,DQA1*04:05,DQA1*04:06,DQA1*04:07,DQA1*04:08,DQA1*05:01,DQA1*05:02,DQA1*05:03,DQA1*05:04,DQA1*05:05,DQA1*05:06,DQA1*05:07,DQA1*05:08,DQA1*05:09,DQA1*05:10,DQA1*05:11,DQA1*05:12,DQA1*05:13,DQA1*05:14,DQA1*05:15N,DQA1*05:16,DQA1*05:17N,DQA1*05:18,DQA1*05:19,DQA1*05:20,DQA1*05:21,DQA1*05:22,DQA1*05:23,DQA1*05:24,DQA1*05:25,DQA1*06:01,DQA1*06:02
DQA1*01:01,0,7,23,10,4,2915,14,2614,2611,25,11,2613,2615,24,2616,717,306,2614,9,293,11,6,8,27,9,2613,2,293,288,25,292,292,308,2912,2912,2916,284,10,9,1415,8,2613,4,27,25,2614,2912,11,3,1146,1070,1146,2740,1046,1146,2771,1043,1045,2771,1145,2773,105,110,106,107,2904,380,112,2622,109,107,108,381,112,108,109,2907,1123,1127,2746,2764,1119,2745,1123,1122,1149,2742,1152,2743,1148,1153,1155,1151,1148,2764,1150,2768,1145,1152,2586,2744,1049,1149,1151,1147,1037,1050,1153,1152,2770,1118,2768
DQA1*01:02,7,0,20,17,11,2914,21,2613,2610,22,4,2612,2614,21,2615,710,303,2613,2,286,4,13,1,24,2,2612,9,286,295,22,285,285,305,2911,2911,2915,291,3,2,1408,1,2612,11,24,22,2613,2911,4,10,1143,1067,1143,2741,1043,1143,2772,1040,1042,2772,1142,2774,112,117,113,114,2903,387,119,2621,116,114,115,388,119,115,116,2906,1128,1132,2747,2765,1124,2746,1128,1127,1154,2743,1157,2744,1153,1158,1160,1156,1153,2765,1155,2769,1150,1157,2585,2745,1054,1154,1156,1152,1042,1055,1158,1157,2771,1123,2769
DQA1*01:03,23,20,0,33,27,2912,37,2609,2606,2,24,2610,2610,1,2611,716,283,2611,22,306,24,29,21,4,22,2610,25,306,311,2,305,305,285,2909,2909,2913,307,23,22,1416,21,2608,27,4,2,2609,2909,24,26,1135,1065,1135,2741,1035,1135,2768,1032,1034,2768,1134,2770,108,113,109,110,2901,383,115,2619,112,110,111,384,115,111,112,2904,1122,1126,2747,2761,1118,2746,1122,1121,1146,2743,1149,2744,1145,1150,1152,1148,1145,2761,1147,2765,1142,1149,2583,2745,1046,1146,1148,1146,1034,1047,1150,1149,2767,1117,2765
DQA1*01:04,10,17,33,0,6,2915,4,2612,2609,35,21,2611,2613,34,2614,723,306,2612,19,293,21,8,18,37,19,2611,12,293,284,35,292,292,308,2912,2912,2916,284,20,15,1415,18,2611,14,37,35,2612,2912,21,13,1148,1076,1148,2740,1046,1148,2769,1043,1045,2769,1147,2771,107,112,108,109,2904,380,114,2620,111,109,106,381,114,110,111,2907,1123,1127,2746,2762,1119,2745,1123,1122,1149,2742,1152,2743,1148,1153,1155,1151,1148,2762,1150,2766,1145,1152,2584,2744,1049,1149,1151,1147,1037,1050,1153,1152,2768,1118,2766
DQA1*01:05,4,11,27,6,0,2915,10,2612,2609,29,15,2611,2613,28,2614,719,306,2612,13,293,15,2,12,31,13,2611,6,293,288,29,292,292,308,2912,2912,2916,284,14,9,1415,12,2611,8,31,29,2612,2912,15,7,1146,1072,1146,2740,1046,1146,2769,1043,1045,2769,1145,2771,109,114,110,111,2904,380,116,2620,113,111,112,381,116,112,113,2907,1123,1127,2746,2762,1119,2745,1123,1122,1149,2742,1152,2743,1148,1153,1155,1151,1148,2762,1150,2766,1145,1152,2586,2744,1049,1149,1151,1147,1037,1050,1153,1152,2768,1118,2766
DQA1*01:06,2915,2914,2912,2915,2915,0,2913,2111,2112,2912,2912,2112,2110,2913,2111,2804,2985,2113,2916,2984,2912,2915,2913,2910,2914,2110,2917,2988,2985,2914,2985,2987,2983,7,7,3,2985,2911,2912,2518,2913,2110,2913,2910,2912,2113,13,2912,2916,2651,2731,2651,739,2725,2649,2072,2726,2724,2074,2652,2070,2902,2903,2903,2902,79,2975,2903,2105,2904,2900,2903,2972,2903,2901,2900,78,2672,2670,725,2063,2668,728,2670,2673,2672,743,2673,738,2669,2672,2674,2668,2667,2077,2667,2073,2668,2669,2255,741,2744,2672,2670,2668,2746,2747,2670,2667,2075,2671,2067
DQA1*01:07Q,14,21,37,4,10,2913,0,2614,2611,39,25,2613,2615,38,2616,727,310,2614,23,297,25,12,22,33,23,2613,16,297,288,39,296,296,312,2910,2910,2914,288,24,19,1413,22,2613,10,41,39,2614,2910,25,17,1152,1076,1152,2738,1050,1152,2771,1047,1049,2771,1151,2773,111,116,112,113,2902,384,118,2622,115,113,110,385,118,114,107,2905,1127,1131,2744,2764,1123,2743,1127,1126,1153,2740,1156,2741,1152,1157,1159,1155,1152,2764,1154,2768,1149,1156,2586,2742,1053,1153,1155,1151,1041,1054,1157,1156,2770,1122,2768
DQA1*01:08,2614,2613,2609,2612,2612,2111,2614,0,3,2609,2613,3,5,2608,20,2389,2664,6,2615,2671,2615,2612,2612,2611,2613,5,2616,2665,2672,2607,2664,2664,2662,2110,2110,2110,2666,2614,2613,2709,2614,3,2616,2607,2607,2,2112,2615,2615,2616,2488,2616,2094,2670,2614,747,2673,2673,751,2615,749,2615,2618,2616,2617,2106,2668,2616,90,2617,2617,2616,2671,2618,2614,2617,2109,2611,2615,2094,738,2611,2095,2611,2612,2613,2096,2614,2095,2610,2615,2615,2609,2610,764,2608,766,2611,2608,750,2098,2665,2613,2615,2611,2671,2670,2613,2610,766,2608,730
DQA1*01:09,2611,2610,2606,2609,2609,2112,2611,3,0,2606,2610,4,6,2605,21,2386,2661,7,2612,2668,2612,2609,2609,2608,2610,6,2613,2662,2669,2604,2661,2661,2659,2111,2111,2111,2663,2611,2610,2706,2611,4,2613,2604,2604,3,2113,2612,2612,2613,2485,2613,2095,2667,2611,748,2670,2670,752,2612,750,2612,2615,2613,2614,2107,2665,2613,91,2614,2614,2613,2668,2615,2611,2614,2110,2608,2612,2095,739,2608,2096,2608,2609,2610,2097,2611,2096,2607,2612,2612,2606,2607,765,2605,767,2608,2605,751,2099,2662,2610,2612,2608,2668,2667,2610,2607,767,2605,731
DQA1*01:10,25,22,2,35,29,2912,39,2609,2606,0,26,2610,2610,3,2611,718,285,2611,24,308,26,31,23,6,24,2610,27,308,313,4,307,307,287,2909,2909,2913,309,25,24,1414,23,2608,29,6,4,2609,2909,26,28,1137,1067,1137,2741,1037,1137,2768,1034,1036,2768,1136,2770,110,115,111,112,2901,385,117,2619,114,112,113,386,117,113,114,2904,1124,1128,2747,2761,1120,2746,1124,1123,1148,2743,1151,2744,1147,1152,1154,1150,1147,2761,1149,2765,1144,1151,2583,2745,1048,1148,1150,1148,1036,1049,1152,1151,2767,1119,2765
DQA1*01:11,11,4,24,21,15,2912,25,2613,2610,26,0,2612,2614,25,2615,714,307,2613,6,290,8,17,5,28,6,2612,13,290,299,26,289,289,309,2909,2909,2913,295,7,6,1412,5,2612,15,28,26,2613,2909,8,14,1147,1071,1147,2739,1047,1147,2772,1044,1046,2772,1146,2774,116,121,117,118,2901,391,123,2621,120,118,119,392,123,119,120,2904,1132,1136,2745,2765,1128,2744,1132,1131,1158,2741,1161,2742,1157,1162,1164,1160,1157,2765,1159,2769,1154,1161,2585,2743,1058,1158,1160,1156,1046,1059,1162,1161,2771,1127,2769
DQA1*01:12,2613,2612,2610,2611,2611,2112,2613,3,4,2610,2612,0,6,2609,21,2388,2665,5,2614,2670,2614,2611,2611,2612,2612,4,2615,2664,2671,2608,2663,2663,2663,2111,2111,2111,2665,2613,2612,2710,2613,4,2615,2608,2608,3,2113,2614,2614,2617,2487,2617,2095,2671,2615,748,2674,2674,752,2616,750,2614,2617,2615,2616,2107,2667,2615,89,2616,2616,2615,2670,2617,2613,2616,2110,2612,2616,2095,739,2612,2096,2612,2613,2614,2097,2615,2096,2611,2616,2616,2610,2611,765,2609,767,2612,2609,749,2099,2666,2614,2616,2612,2672,2671,2614,2611,767,2609,731
DQA1*01:13,2615,2614,2610,2613,2613,2110,2615,5,6,2610,2614,6,0,2609,23,2390,2665,9,2616,2672,2616,2613,2613,2612,2614,8,2617,2666,2673,2608,2665,2665,2663,2109,2109,2109,2667,2615,2614,2710,2615,6,2617,2608,2608,5,2111,2616,2616,2617,2483,2617,2093,2671,2615,750,2674,2674,754,2616,752,2616,2619,2617,2618,2105,2669,2617,93,2618,2618,2617,2672,2619,2615,2618,2108,2612,2616,2093,741,2612,2094,2612,2613,2614,2095,2615,2094,2611,2616,2616,2610,2611,767,2609,769,2612,2609,753,2097,2666,2614,2616,2612,2672,2671,2614,2611,769,2609,733
DQA1*01:14,24,21,1,34,28,2913,38,2608,2605,3,25,2609,2609,0,2610,715,284,2610,23,307,25,30,22,5,23,2609,26,307,312,3,306,306,286,2910,2910,2914,308,24,23,1415,22,2607,28,5,3,2608,2910,25,27,1134,1064,1134,2742,1034,1134,2769,1031,1033,2769,1133,2771,109,114,110,111,2902,384,116,2618,113,111,112,385,116,112,113,2905,1121,1125,2748,2762,1117,2747,1121,1120,1145,2744,1148,2745,1144,1149,1151,1147,1144,2762,1146,2766,1141,1148,2582,2746,1045,1145,1147,1145,1033,1046,1149,1148,2768,1116,2766
DQA1*01:15N,2616,2615,2611,2614,2614,2111,2616,20,21,2611,2615,21,23,2610,0,2377,2666,24,2617,2673,2617,2614,2614,2613,2615,23,2618,2667,2674,2609,2666,2666,2664,2110,2110,2110,2668,2616,2615,2697,2616,21,2618,2609,2609,18,2112,2617,2617,2604,2482,2604,2096,2658,2602,741,2661,2661,745,2603,743,2615,2618,2616,2617,2106,2668,2616,88,2617,2617,2616,2671,2618,2614,2617,2109,2599,2603,2096,734,2599,2097,2599,2600,2601,2098,2602,2097,2598,2603,2603,2597,2598,758,2596,760,2599,2596,744,2100,2653,2601,2603,2599,2659,2658,2601,2598,760,2596,726
DQA1*01:16N,717,710,716,723,719,2804,727,2389,2386,718,714,2388,2390,715,2377,0,755,2389,712,752,714,719,709,720,710,2388,719,752,761,718,751,751,757,2803,2803,2805,755,713,710,1218,711,2388,721,720,718,2389,2803,714,720,875,405,875,2735,861,873,2764,860,860,2762,874,2764,766,765,767,768,2797,807,767,2399,770,766,769,808,767,769,770,2800,862,866,2737,2753,862,2736,862,861,886,2737,889,2736,887,890,892,890,889,2755,889,2759,886,891,2417,2739,870,888,888,886,858,871,890,891,2761,857,2755
DQA1*01:17,306,303,283,306,306,2985,310,2664,2661,285,307,2665,2665,284,2666,755,0,2666,305,25,307,308,302,287,305,2665,308,25,30,285,24,24,4,2982,2982,2986,26,306,303,1135,304,2663,310,287,285,2664,2982,307,309,1032,1102,1032,2816,754,1032,2823,751,753,2823,1031,2825,381,380,382,383,2974,102,382,2674,383,383,384,103,382,384,385,2977,1021,1025,2822,2816,1017,2821,1021,1020,1045,2818,1048,2819,1044,1049,1051,1047,1044,2816,1046,2820,1045,1048,2418,2820,765,1045,1047,1045,753,766,1049,1048,2822,1016,2820
DQA1*01:18,2614,2613,2611,2612,2612,2113,2614,6,7,2611,2613,5,9,2610,24,2389,2666,0,2615,2671,2615,2612,2612,2613,2613,7,2616,2665,2672,2609,2664,2664,2664,2112,2112,2112,2666,2614,2613,2711,2614,7,2616,2609,2609,6,2114,2615,2615,2618,2488,2618,2096,2672,2616,751,2675,2675,755,2617,753,2615,2618,2616,2617,2108,2668,2616,92,2617,2617,2616,2671,2618,2614,2617,2111,2613,2617,2096,742,2613,2097,2613,2614,2615,2098,2616,2097,2612,2617,2617,2611,2612,768,2610,770,2613,2610,752,2100,2667,2615,2617,2613,2673,2672,2615,2612,770,2610,734
DQA1*01:19,9,2,22,19,13,2916,23,2615,2612,24,6,2614,2616,23,2617,712,305,2615,0,288,6,15,3,26,4,2614,7,288,297,24,287,287,307,2913,2913,2917,293,5,4,1410,3,2614,13,26,24,2615,2913,6,12,1145,1069,1145,2743,1045,1145,2774,1042,1044,2774,1144,2776,114,119,115,116,2905,389,121,2623,118,116,117,390,121,117,118,2908,1130,1134,2749,2767,1126,2748,1130,1129,1156,2745,1159,2746,1155,1160,1162,1158,1155,2767,1157,2771,1152,1159,2587,2747,1056,1156,1158,1154,1044,1057,1160,1159,2773,1125,2771
DQA1*01:20,293,286,306,293,293,2984,297,2671,2668,308,290,2670,2672,307,2673,752,25,2671,288,0,290,295,285,310,288,2670,295,8,9,308,7,7,27,2981,2981,2985,13,289,286,1124,287,2670,297,310,308,2671,2981,290,296,1043,1105,1043,2817,765,1043,2830,762,764,2830,1042,2832,388,387,389,390,2975,109,389,2679,390,390,391,110,389,391,392,2978,1030,1034,2823,2823,1026,2822,1030,1029,1056,2819,1059,2820,1055,1060,1062,1058,1055,2823,1057,2827,1056,1059,2423,2821,776,1056,1058,1054,764,777,1060,1059,2829,1025,2827
DQA1*01:21,11,4,24,21,15,2912,25,2615,2612,26,8,2614,2616,25,2617,714,307,2615,6,290,0,17,5,28,6,2614,13,290,299,26,289,289,309,2909,2909,2913,295,7,6,1412,5,2614,15,28,26,2615,2909,8,14,1147,1071,1147,2739,1047,1147,2774,1044,1046,2774,1146,2776,116,121,117,118,2901,391,123,2623,120,118,119,392,123,119,120,2904,1132,1136,2745,2767,1128,2744,1132,1131,1158,2741,1161,2742,1157,1162,1164,1160,1157,2767,1159,2771,1154,1161,2587,2743,1058,1158,1160,1156,1046,1059,1162,1161,2773,1127,2771
DQA1*01:22,6,13,29,8,2,2915,12,2612,2609,31,17,2611,2613,30,2614,719,308,2612,15,295,17,0,14,33,11,2611,8,295,290,31,294,294,310,2912,2912,2916,286,16,11,1413,14,2611,10,33,31,2612,2912,17,9,1144,1072,1144,2740,1044,1144,2769,1041,1043,2769,1143,2771,111,116,112,113,2904,382,118,2620,115,113,114,383,118,114,115,2907,1121,1125,2746,2762,1117,2745,1121,1120,1147,2742,1150,2743,1146,1151,1153,1149,1146,2762,1148,2766,1143,1150,2586,2744,1047,1147,1149,1145,1035,1048,1151,1150,2768,1116,2766
DQA1*01:23,8,1,21,18,12,2913,22,2612,2609,23,5,2611,2613,22,2614,709,302,2612,3,285,5,14,0,25,3,2611,10,285,294,23,284,284,304,2910,2910,2914,290,4,3,1407,2,2611,12,25,23,2612,2910,5,11,1142,1066,1142,2740,1042,1142,2771,1039,1041,2771,1141,2773,113,118,114,115,2902,386,120,2620,117,115,116,387,120,116,117,2905,1127,1131,2746,2764,1123,2745,1127,1126,1153,2742,1156,2743,1152,1157,1159,1155,1152,2764,1154,2768,1149,1156,2584,2744,1053,1153,1155,1151,1041,1054,1157,1156,2770,1122,2768
DQA1*01:24,27,24,4,37,31,2910,33,2611,2608,6,28,2612,2612,5,2613,720,287,2613,26,310,28,33,25,0,26,2612,29,310,315,6,309,309,289,2907,2907,2911,311,27,26,1414,25,2610,23,8,6,2611,2907,28,30,1139,1065,1139,2739,1039,1139,2770,1036,1038,2770,1138,2772,112,117,113,114,2899,387,119,2621,116,114,115,388,119,115,108,2902,1126,1130,2745,2763,1122,2744,1126,1125,1150,2741,1153,2742,1149,1154,1156,1152,1149,2763,1151,2767,1146,1153,2585,2743,1050,1150,1152,1150,1038,1051,1154,1153,2769,1121,2767
DQA1*01:25,9,2,22,19,13,2914,23,2613,2610,24,6,2612,2614,23,2615,710,305,2613,4,288,6,11,3,26,0,2612,11,288,297,24,287,287,307,2911,2911,2915,293,5,4,1406,3,2612,13,26,24,2613,2911,6,12,1141,1067,1141,2741,1041,1141,2772,1038,1040,2772,1140,2774,114,119,115,116,2903,389,121,2621,118,116,117,390,121,117,118,2906,1126,1130,2747,2765,1122,2746,1126,1125,1152,2743,1155,2744,1151,1156,1158,1154,1151,2765,1153,2769,1148,1155,2585,2745,1052,1152,1154,1150,1040,1053,1156,1155,2771,1121,2769
DQA1*01:26,2613,2612,2610,2611,2611,2110,2613,5,6,2610,2612,4,8,2609,23,2388,2665,7,2614,2670,2614,2611,2611,2612,2612,0,2615,2664,2671,2608,2663,2663,2663,2109,2109,2109,2665,2613,2612,2710,2613,6,2615,2608,2608,5,2111,2614,2614,2615,2483,2615,2093,2669,2613,746,2672,2672,750,2614,748,2616,2619,2617,2618,2105,2669,2617,91,2618,2618,2617,2672,2619,2615,2618,2108,2610,2614,2093,737,2610,2094,2610,2611,2612,2095,2613,2094,2609,2614,2614,2608,2609,763,2607,765,2610,2607,749,2097,2664,2612,2614,2610,2670,2669,2612,2609,765,2607,729
DQA1*01:27,2,9,25,12,6,2917,16,2616,2613,27,13,2615,2617,26,2618,719,308,2616,7,295,13,8,10,29,11,2615,0,295,290,27,294,294,310,2914,2914,2918,286,12,11,1417,10,2615,6,29,27,2616,2914,13,5,1148,1072,1148,2742,1048,1148,2773,1045,1047,2773,1147,2775,107,112,108,109,2906,382,114,2624,111,109,110,383,114,110,111,2909,1125,1129,2748,2766,1121,2747,1125,1124,1151,2744,1154,2745,1150,1155,1157,1153,1150,2766,1152,2770,1147,1154,2588,2746,1051,1151,1153,1149,1039,1052,1155,1154,2772,1120,2770
DQA1*01:28,293,286,306,293,293,2988,297,2665,2662,308,290,2664,2666,307,2667,752,25,2665,288,8,290,295,285,310,288,2664,295,0,17,308,7,7,27,2985,2985,2989,13,289,286,1126,287,2664,297,310,308,2665,2985,290,296,1043,1105,1043,2817,765,1043,2824,762,764,2824,1042,2826,388,387,389,390,2977,109,389,2673,390,390,391,110,389,391,392,2980,1030,1034,2823,2817,1026,2822,1030,1029,1056,2819,1059,2820,1055,1060,1062,1058,1055,2817,1057,2821,1056,1059,2417,2821,776,1056,1058,1054,764,777,1060,1059,2823,1025,2821
DQA1*01:29,288,295,311,284,288,2985,288,2672,2669,313,299,2671,2673,312,2674,761,30,2672,297,9,299,290,294,315,297,2671,290,17,0,313,16,16,32,2982,2982,2986,8,298,295,1133,296,2671,292,315,313,2672,2982,299,291,1048,1110,1048,2816,770,1048,2829,767,769,2829,1047,2831,383,382,384,385,2976,104,384,2680,385,385,382,105,384,386,387,2979,1027,1031,2822,2822,1023,2821,1027,1026,1053,2818,1056,2819,1052,1057,1059,1055,1052,2822,1054,2826,1053,1056,2424,2820,773,1053,1055,1051,761,774,1057,1056,2828,1022,2826
DQA1*01:30,25,22,2,35,29,2914,39,2607,2604,4,26,2608,2608,3,2609,718,285,2609,24,308,26,31,23,6,24,2608,27,308,313,0,307,307,287,2911,2911,2915,309,25,24,1418,23,2606,29,6,4,2607,2911,26,28,1137,1067,1137,2743,1037,1137,2766,1034,1036,2766,1136,2768,110,115,111,112,2903,385,117,2617,114,112,113,386,117,113,114,2906,1124,1128,2749,2759,1120,2748,1124,1123,1148,2745,1151,2746,1147,1152,1154,1150,1147,2759,1149,2763,1144,1151,2581,2747,1048,1148,1150,1148,1036,1049,1152,1151,2765,1119,2763
DQA1*01:31,292,285,305,292,292,2985,296,2664,2661,307,289,2663,2665,306,2666,751,24,2664,287,7,289,294,284,309,287,2663,294,7,16,307,0,6,26,2982,2982,2986,12,288,285,1129,286,2663,296,309,307,2664,2982,289,295,1042,1108,1042,2814,764,1042,2823,761,763,2823,1041,2825,387,386,388,389,2974,108,388,2672,389,389,390,109,388,390,391,2977,1029,1033,2820,2816,1025,2819,1029,1028,1055,2816,1058,2817,1054,1059,1061,1057,1054,2816,1056,2820,1055,1058,2416,2818,775,1055,1057,1053,763,776,1059,1058,2822,1024,2820
DQA1*01:32,292,285,305,292,292,2987,296,2664,2661,307,289,2663,2665,306,2666,751,24,2664,287,7,289,294,284,309,287,2663,294,7,16,307,6,0,26,2984,2984,2988,12,288,285,1127,286,2663,296,309,307,2664,2984,289,295,1042,1106,1042,2812,764,1042,2823,761,763,2823,1041,2825,387,386,388,389,2974,108,388,2672,389,389,390,109,388,390,391,2977,1029,1033,2818,2816,1025,2817,1029,1028,1055,2814,1058,2815,1054,1059,1061,1057,1054,2816,1056,2822,1055,1058,2416,2816,775,1055,1057,1053,763,776,1059,1058,2822,1024,2820
DQA1*01:33,308,305,285,308,308,2983,312,2662,2659,287,309,2663,2663,286,2664,757,4,2664,307,27,309,310,304,289,307,2663,310,27,32,287,26,26,0,2980,2980,2984,28,308,305,1131,306,2661,312,289,287,2662,2980,309,311,1028,1106,1028,2816,750,1028,2819,747,749,2819,1027,2821,383,382,384,385,2972,104,384,2672,385,385,386,105,384,386,387,2975,1017,1021,2822,2812,1013,2821,1017,1016,1041,2818,1044,2819,1040,1045,1047,1043,1040,2812,1042,2816,1041,1044,2418,2820,761,1041,1043,1041,749,762,1045,1044,2818,1012,2816
DQA1*01:34,2912,2911,2909,2912,2912,7,2910,2110,2111,2909,2909,2111,2109,2910,2110,2803,2982,2112,2913,2981,2909,2912,2910,2907,2911,2109,2914,2985,2982,2911,2982,2984,2980,0,8,6,2982,2908,2909,2511,2910,2109,2910,2907,2909,2112,16,2909,2913,2648,2730,2648,736,2722,2646,2073,2723,2721,2075,2649,2071,2899,2900,2900,2899,80,2972,2900,2104,2901,2897,2900,2969,2900,2898,2897,79,2669,2667,724,2064,2665,727,2667,2670,2669,742,2670,737,2666,2669,2671,2665,2664,2078,2664,2074,2665,2666,2256,740,2741,2669,2667,2665,2743,2744,2667,2664,2076,2668,2068
DQA1*01:35,2912,2911,2909,2912,2912,7,2910,2110,2111,2909,2909,2111,2109,2910,2110,2803,2982,2112,2913,2981,2909,2912,2910,2907,2911,2109,2914,2985,2982,2911,2982,2984,2980,8,0,6,2982,2908,2909,2513,2910,2109,2910,2907,2909,2112,16,2909,2913,2648,2730,2648,742,2722,2646,2073,2723,2721,2075,2649,2071,2899,2900,2900,2899,80,2972,2900,2104,2901,2897,2900,2969,2900,2898,2897,79,2669,2667,728,2064,2665,731,2667,2670,2669,746,2670,741,2666,2669,2671,2665,2664,2078,2664,2074,2665,2666,2256,744,2741,2669,2667,2665,2743,2744,2667,2664,2076,2668,2068
DQA1*01:36,2916,2915,2913,2916,2916,3,2914,2110,2111,2913,2913,2111,2109,2914,2110,2805,2986,2112,2917,2985,2913,2916,2914,2911,2915,2109,2918,2989,2986,2915,2986,2988,2984,6,6,0,2986,2912,2913,2517,2914,2109,2914,2911,2913,2112,12,2913,2917,2652,2730,2652,738,2726,2650,2071,2727,2725,2073,2653,2069,2903,2904,2904,2903,78,2976,2904,2104,2905,2901,2904,2973,2904,2902,2901,77,2673,2671,724,2062,2669,727,2671,2674,2673,742,2674,737,2670,2673,2675,2669,2668,2076,2668,2072,2669,2670,2254,740,2745,2673,2671,2669,2747,2748,2671,2668,2074,2672,2066
DQA1*01:37,284,291,307,284,284,2985,288,2666,2663,309,295,2665,2667,308,2668,755,26,2666,293,13,295,286,290,311,293,2665,286,13,8,309,12,12,28,2982,2982,2986,0,294,291,1131,292,2665,288,311,309,2666,2982,295,287,1044,1108,1044,2812,766,1044,2825,763,765,2825,1043,2827,379,378,380,381,2974,100,380,2674,381,381,382,101,380,382,383,2977,1023,1027,2818,2818,1019,2817,1023,1022,1049,2814,1052,2815,1048,1053,1055,1051,1048,2818,1050,2822,1049,1052,2420,2816,769,1049,1051,1047,757,770,1053,1052,2824,1018,2822
DQA1*01:38,10,3,23,20,14,2911,24,2614,2611,25,7,2613,2615,24,2616,713,306,2614,5,289,7,16,4,27,5,2613,12,289,298,25,288,288,308,2908,2908,2912,294,0,5,1411,4,2613,14,27,25,2614,2908,7,13,1146,1070,1146,2738,1046,1146,2773,1043,1045,2773,1145,2775,115,120,116,117,2900,390,122,2622,119,117,118,391,122,118,119,2903,1131,1135,2744,2766,1127,2743,1131,1130,1157,2740,1160,2741,1156,1161,1163,1159,1156,2766,1158,2770,1153,1160,2586,2742,1057,1157,1159,1155,1045,1058,1161,1160,2772,1126,2770
DQA1*01:39,9,2,22,15,9,2912,19,2613,2610,24,6,2612,2614,23,2615,710,303,2613,4,286,6,11,3,26,4,2612,11,286,295,24,285,285,305,2909,2909,2913,291,5,0,1408,3,2612,13,26,24,2613,2909,6,12,1141,1067,1141,2739,1043,1141,2772,1040,1042,2772,1140,2774,114,119,115,116,2901,387,121,2621,118,116,117,388,121,117,118,2904,1126,1130,2745,2765,1122,2744,1126,1125,1152,2741,1155,2742,1151,1156,1158,1154,1151,2765,1153,2769,1148,1155,2585,2743,1054,1152,1154,1150,1042,1055,1156,1155,2771,1121,2769
DQA1*01:40Q,1415,1408,1416,1415,1415,2518,1413,2709,2706,1414,1412,2710,2710,1415,2697,1218,1135,2711,1410,1124,1412,1413,1407,1414,1406,2710,1417,1126,1133,1418,1129,1127,1131,2511,2513,2517,1131,1411,1408,0,1409,2708,1413,1420,1418,2709,2519,1412,1414,747,1173,747,2923,469,749,2702,468,468,2706,748,2704,1410,1409,1411,1412,2527,1131,1411,2707,1412,1408,1413,1132,1411,1409,1408,2524,742,746,2915,2707,746,2920,738,741,748,2917,751,2916,747,752,754,750,747,2703,749,2699,748,751,2481,2917,468,750,750,746,456,469,746,745,2705,747,2713
DQA1*01:41,8,1,21,18,12,2913,22,2614,2611,23,5,2613,2615,22,2616,711,304,2614,3,287,5,14,2,25,3,2613,10,287,296,23,286,286,306,2910,2910,2914,292,4,3,1409,0,2613,12,25,23,2614,2910,5,11,1144,1068,1144,2740,1044,1144,2773,1041,1043,2773,1143,2775,113,118,114,115,2902,388,120,2622,117,115,116,389,120,116,117,2905,1129,1133,2746,2766,1125,2745,1129,1128,1155,2742,1158,2743,1154,1159,1161,1157,1154,2766,1156,2770,1151,1158,2586,2744,1055,1155,1157,1153,1043,1056,1159,1158,2772,1124,2770
DQA1*01:42,2613,2612,2608,2611,2611,2110,2613,3,4,2608,2612,4,6,2607,21,2388,2663,7,2614,2670,2614,2611,2611,2610,2612,6,2615,2664,2671,2606,2663,2663,2661,2109,2109,2109,2665,2613,2612,2708,2613,0,2615,2606,2606,3,2111,2614,2614,2615,2487,2615,2093,2669,2613,748,2672,2672,752,2614,746,2614,2617,2615,2616,2105,2667,2615,91,2616,2616,2615,2670,2617,2613,2616,2108,2610,2614,2093,739,2610,2094,2610,2611,2612,2095,2613,2094,2609,2614,2614,2608,2609,765,2607,767,2610,2607,751,2097,2664,2612,2614,2610,2670,2669,2612,2609,767,2607,731
DQA1*01:43,4,11,27,14,8,2913,10,2616,2613,29,15,2615,2617,28,2618,721,310,2616,13,297,15,10,12,23,13,2615,6,297,292,29,296,296,312,2910,2910,2914,288,14,13,1413,12,2615,0,31,29,2616,2910,15,7,1150,1070,1150,2738,1050,1150,2773,1047,1049,2773,1149,2775,109,114,110,111,2902,384,116,2624,113,111,112,385,116,112,105,2905,1127,1131,2744,2766,1123,2743,1127,1126,1153,2740,1156,2741,1152,1157,1159,1155,1152,2766,1154,2770,1149,1156,2588,2742,1053,1153,1155,1151,1041,1054,1157,1156,2772,1122,2770
DQA1*01:44,27,24,4,37,31,2910,41,2607,2604,6,28,2608,2608,5,2609,720,287,2609,26,310,28,33,25,8,26,2608,29,310,315,6,309,309,289,2907,2907,2911,311,27,26,1420,25,2606,31,0,6,2607,2907,28,30,1139,1069,1139,2739,1039,1139,2766,1036,1038,2766,1138,2768,112,117,113,114,2899,387,119,2617,116,114,115,388,119,115,116,2902,1126,1130,2745,2759,1122,2744,1126,1125,1150,2741,1153,2742,1149,1154,1156,1152,1149,2759,1151,2763,1146,1153,2581,2743,1050,1150,1152,1150,1038,1051,1154,1153,2765,1121,2763
DQA1*01:45,25,22,2,35,29,2912,39,2607,2604,4,26,2608,2608,3,2609,718,285,2609,24,308,26,31,23,6,24,2608,27,308,313,4,307,307,287,2909,2909,2913,309,25,24,1418,23,2606,29,6,0,2607,2909,26,28,1137,1067,1137,2741,1037,1137,2766,1034,1036,2766,1136,2768,110,115,111,112,2901,385,117,2617,114,112,113,386,117,113,114,2904,1124,1128,2747,2759,1120,2746,1124,1123,1148,2743,1151,2744,1147,1152,1154,1150,1147,2759,1149,2763,1144,1151,2581,2745,1048,1148,1150,1148,1036,1049,1152,1151,2765,1119,2763
DQA1*01:46,2614,2613,2609,2612,2612,2113,2614,2,3,2609,2613,3,5,2608,18,2389,2664,6,2615,2671,2615,2612,2612,2611,2613,5,2616,2665,2672,2607,2664,2664,2662,2112,2112,2112,2666,2614,2613,2709,2614,3,2616,2607,2607,0,2114,2615,2615,2616,2488,2616,2096,2670,2614,745,2673,2673,749,2615,747,2615,2618,2616,2617,2108,2668,2616,88,2617,2617,2616,2671,2618,2614,2617,2111,2611,2615,2096,736,2611,2097,2611,2612,2613,2098,2614,2097,2610,2615,2615,2609,2610,762,2608,764,2611,2608,748,2100,2665,2613,2615,2611,2671,2670,2613,2610,764,2608,728
DQA1*01:47,2912,2911,2909,2912,2912,13,2910,2112,2113,2909,2909,2113,2111,2910,2112,2803,2982,2114,2913,2981,2909,2912,2910,2907,2911,2111,2914,2985,2982,2911,2982,2984,2980,16,16,12,2982,2908,2909,2519,2910,2111,2910,2907,2909,2114,0,2909,2913,2650,2724,2650,734,2724,2648,2077,2725,2723,2079,2651,2075,2899,2900,2900,2899,76,2972,2900,2104,2901,2897,2900,2969,2900,2898,2897,75,2671,2669,722,2070,2667,725,2669,2672,2671,738,2672,733,2668,2671,2673,2667,2666,2082,2666,2078,2667,2668,2254,736,2743,2671,2669,2667,2745,2746,2669,2666,2080,2670,2074
DQA1*01:48,11,4,24,21,15,2912,25,2615,2612,26,8,2614,2616,25,2617,714,307,2615,6,290,8,17,5,28,6,2614,13,290,299,26,289,289,309,2909,2909,2913,295,7,6,1412,5,2614,15,28,26,2615,2909,0,14,1147,1071,1147,2739,1047,1147,2774,1044,1046,2774,1146,2776,116,119,115,116,2901,391,121,2623,118,118,117,392,121,117,120,2904,1132,1136,2745,2767,1128,2744,1132,1131,1158,2741,1161,2742,1157,1162,1164,1160,1157,2767,1159,2771,1154,1161,2587,2743,1058,1158,1160,1156,1046,1059,1162,1161,2773,1127,2771
DQA1*01:49,3,10,26,13,7,2916,17,2615,2612,28,14,2614,2616,27,2617,720,309,2615,12,296,14,9,11,30,12,2614,5,296,291,28,295,295,311,2913,2913,2917,287,13,12,1414,11,2614,7,30,28,2615,2913,14,0,1145,1073,1145,2741,1045,1145,2772,1042,1044,2772,1144,2774,108,113,109,110,2905,383,115,2623,112,110,111,384,115,111,112,2908,1122,1126,2747,2765,1118,2746,1122,1121,1146,2743,1149,2744,1145,1150,1152,1148,1145,2765,1147,2769,1142,1149,2587,2745,1046,1146,1148,1144,1034,1047,1150,1149,2771,1117,2769
DQA1*02:01,1146,1143,1135,1148,1146,2651,1152,2616,2613,1137,1147,2617,2617,1134,2604,875,1032,2618,1145,1043,1147,1144,1142,1139,1141,2615,1148,1043,1048,1137,1042,1042,1028,2648,2648,2652,1044,1146,1141,747,1144,2615,1150,1139,1137,2616,2650,1147,1145,0,1152,2,2850,284,2,2631,283,283,2631,1,2633,1105,1106,1106,1107,2646,1002,1108,2620,1105,1103,1108,1003,1108,1108,1109,2647,87,91,2856,2632,91,2855,91,88,99,2852,102,2851,100,103,105,103,102,2636,102,2640,103,104,2628,2852,373,101,101,101,361,374,103,104,2642,80,2636
DQA1*02:02N,1070,1067,1065,1076,1072,2731,1076,2488,2485,1067,1071,2487,2483,1064,2482,405,1102,2488,1069,1105,1071,1072,1066,1065,1067,2483,1072,1105,1110,1067,1108,1106,1106,2730,2730,2730,1108,1070,1067,1173,1068,2487,1070,1069,1067,2488,2724,1071,1073,1152,0,1154,2706,1140,1150,2791,1139,1139,2793,1151,2791,1053,1052,1054,1055,2716,1094,1054,2488,1057,1055,1056,1095,1054,1056,1053,2719,1167,1171,2712,2800,1167,2705,1167,1168,1183,2710,1186,2707,1184,1187,1189,1187,1186,2790,1186,2788,1183,1188,2478,2710,1169,1185,1185,1185,1157,1166,1183,1184,2794,1166,2800
DQA1*02:03,1146,1143,1135,1148,1146,2651,1152,2616,2613,1137,1147,2617,2617,1134,2604,875,1032,2618,1145,1043,1147,1144,1142,1139,1141,2615,1148,1043,1048,1137,1042,1042,1028,2648,2648,2652,1044,1146,1141,747,1144,2615,1150,1139,1137,2616,2650,1147,1145,2,1154,0,2850,286,4,2631,285,285,2631,3,2633,1107,1108,1108,1109,2646,1004,1110,2620,1107,1105,1110,1005,1110,1110,1111,2647,89,93,2856,2632,93,2855,93,90,97,2852,100,2851,98,101,103,101,100,2636,100,2640,101,102,2628,2852,371,99,99,99,359,372,101,102,2642,82,2636
DQA1*02:04,2740,2741,2741,2740,2740,739,2738,2094,2095,2741,2739,2095,2093,2742,2096,2735,2816,2096,2743,2817,2739,2740,2740,2739,2741,2093,2742,2817,2816,2743,2814,2812,2816,736,742,738,2812,2738,2739,2923,2740,2093,2738,2739,2741,2096,734,2739,2741,2850,2706,2850,0,2924,2848,2111,2921,2923,2113,2851,2109,2761,2762,2762,2761,714,2836,2762,2102,2763,2763,2762,2833,2762,2760,2759,717,2845,2843,62,2108,2845,63,2843,2846,2851,60,2852,63,2848,2851,2853,2847,2846,2116,2846,2114,2847,2848,2256,60,2923,2851,2849,2847,2925,2926,2855,2852,2114,2844,2112
DQA1*02:05,1046,1043,1035,1046,1046,2725,1050,2670,2667,1037,1047,2671,2671,1034,2658,861,754,2672,1045,765,1047,1044,1042,1039,1041,2669,1048,765,770,1037,764,764,750,2722,2722,2726,766,1046,1043,469,1044,2669,1050,1039,1037,2670,2724,1047,1045,284,1140,286,2924,0,286,2685,5,5,2685,285,2687,1003,1002,1004,1005,2720,724,1004,2674,1005,1001,1006,725,1004,1006,1007,2721,363,367,2930,2686,367,2929,367,364,375,2926,378,2925,374,379,381,377,374,2690,376,2694,375,378,2458,2926,95,377,377,375,83,96,379,378,2696,356,2690
DQA1*02:06,1146,1143,1135,1148,1146,2649,1152,2614,2611,1137,1147,2615,2615,1134,2602,873,1032,2616,1145,1043,1147,1144,1142,1139,1141,2613,1148,1043,1048,1137,1042,1042,1028,2646,2646,2650,1044,1146,1141,749,1144,2613,1150,1139,1137,2614,2648,1147,1145,2,1150,4,2848,286,0,2629,285,285,2629,3,2631,1105,1106,1106,1107,2644,1002,1108,2618,1105,1103,1108,1003,1108,1108,1109,2645,89,93,2854,2630,93,2853,93,90,101,2850,104,2849,102,105,107,105,104,2634,104,2638,105,106,2628,2850,375,103,103,103,363,376,105,106,2640,82,2634
DQA1*02:07,2771,2772,2768,2769,2769,2072,2771,747,748,2768,2772,748,750,2769,741,2764,2823,751,2774,2830,2774,2769,2771,2770,2772,746,2773,2824,2829,2766,2823,2823,2819,2073,2073,2071,2825,2773,2772,2702,2773,748,2773,2766,2766,745,2077,2774,2772,2631,2791,2631,2111,2685,2629,0,2684,2688,6,2632,4,2750,2753,2751,2752,2077,2803,2751,717,2752,2748,2751,2806,2753,2749,2752,2080,2634,2638,2105,71,2636,2108,2636,2635,2636,2105,2637,2104,2633,2638,2638,2632,2633,83,2631,85,2634,2631,951,2105,2688,2636,2638,2634,2694,2693,2632,2629,85,2633,61
DQA1*02:08,1043,1040,1032,1043,1043,2726,1047,2673,2670,1034,1044,2674,2674,1031,2661,860,751,2675,1042,762,1044,1041,1039,1036,1038,2672,1045,762,767,1034,761,761,747,2723,2723,2727,763,1043,1040,468,1041,2672,1047,1036,1034,2673,2725,1044,1042,283,1139,285,2921,5,285,2684,0,4,2684,284,2686,1000,999,1001,1002,2721,721,1001,2677,1002,998,1003,722,1001,1003,1004,2722,362,366,2927,2685,366,2926,366,363,374,2923,377,2922,373,378,380,376,373,2689,375,2693,374,377,2461,2923,94,376,376,374,82,95,378,377,2695,355,2689
DQA1*02:09,1045,1042,1034,1045,1045,2724,1049,2673,2670,1036,1046,2674,2674,1033,2661,860,753,2675,1044,764,1046,1043,1041,1038,1040,2672,1047,764,769,1036,763,763,749,2721,2721,2725,765,1045,1042,468,1043,2672,1049,1038,1036,2673,2723,1046,1044,283,1139,285,2923,5,285,2688,4,0,2688,284,2690,1002,1001,1003,1004,2719,723,1003,2677,1004,1000,1005,724,1003,1005,1006,2720,362,366,2929,2689,366,2928,366,363,374,2925,377,2924,373,378,380,376,373,2693,375,2697,374,377,2461,2925,94,376,376,374,82,95,378,377,2699,355,2693
DQA1*02:10,2771,2772,2768,2769,2769,2074,2771,751,752,2768,2772,752,754,2769,745,2762,2823,755,2774,2830,2774,2769,2771,2770,2772,750,2773,2824,2829,2766,2823,2823,2819,2075,2075,2073,2825,2773,2772,2706,2773,752,2773,2766,2766,749,2079,2774,2772,2631,2793,2631,2113,2685,2629,6,2684,2688,0,2632,6,2750,2753,2751,2752,2079,2803,2751,721,2752,2748,2751,2806,2753,2749,2752,2082,2634,2638,2107,73,2636,2110,2636,2635,2636,2107,2637,2106,2633,2638,2638,2632,2633,85,2631,87,2634,2631,955,2107,2688,2636,2638,2634,2694,2693,2632,2629,87,2633,63
DQA1*02:11,1145,1142,1134,1147,1145,2652,1151,2615,2612,1136,1146,2616,2616,1133,2603,874,1031,2617,1144,1042,1146,1143,1141,1138,1140,2614,1147,1042,1047,1136,1041,1041,1027,2649,2649,2653,1043,1145,1140,748,1143,2614,1149,1138,1136,2615,2651,1146,1144,1,1151,3,2851,285,3,2632,284,284,2632,0,2634,1104,1105,1105,1106,2647,1001,1107,2619,1104,1102,1107,1002,1107,1107,1108,2648,88,92,2857,2633,92,2856,92,89,100,2853,103,2852,101,104,106,104,103,2637,103,2641,104,105,2627,2853,374,102,102,102,362,375,104,105,2643,81,2637
DQA1*02:12,2773,2774,2770,2771,2771,2070,2773,749,750,2770,2774,750,752,2771,743,2764,2825,753,2776,2832,2776,2771,2773,2772,2774,748,2775,2826,2831,2768,2825,2825,2821,2071,2071,2069,2827,2775,2774,2704,2775,746,2775,2768,2768,747,2075,2776,2774,2633,2791,2633,2109,2687,2631,4,2686,2690,6,2634,0,2752,2755,2753,2754,2075,2805,2753,719,2754,2750,2753,2808,2755,2751,2754,2078,2636,2640,2103,71,2638,2106,2638,2637,2638,2103,2639,2102,2635,2640,2640,2634,2635,83,2633,85,2636,2633,953,2103,2690,2638,2640,2636,2696,2695,2634,2631,85,2635,61
DQA1*03:01,105,112,108,107,109,2902,111,2615,2612,110,116,2614,2616,109,2615,766,381,2615,114,388,116,111,113,112,114,2616,107,388,383,110,387,387,383,2899,2899,2903,379,115,114,1410,113,2614,109,112,110,2615,2899,116,108,1105,1053,1107,2761,1003,1105,2750,1000,1002,2750,1104,2752,0,5,1,2,2899,283,7,2623,4,4,3,284,7,3,4,2900,1118,1122,2767,2749,1114,2766,1116,1119,1126,2763,1129,2764,1125,1130,1132,1128,1125,2751,1127,2755,1122,1129,2597,2765,1026,1126,1128,1126,1014,1027,1130,1129,2757,1113,2751
DQA1*03:02,110,117,113,112,114,2903,116,2618,2615,115,121,2617,2619,114,2618,765,380,2618,119,387,121,116,118,117,119,2619,112,387,382,115,386,386,382,2900,2900,2904,378,120,119,1409,118,2617,114,117,115,2618,2900,119,113,1106,1052,1108,2762,1002,1106,2753,999,1001,2753,1105,2755,5,0,4,5,2900,282,2,2626,7,9,6,283,2,6,9,2901,1119,1123,2768,2750,1115,2767,1117,1120,1127,2764,1130,2765,1126,1131,1133,1129,1126,2754,1128,2758,1123,1130,2596,2766,1025,1127,1129,1127,1013,1026,1131,1130,2760,1114,2754
DQA1*03:03,106,113,109,108,110,2903,112,2616,2613,111,117,2615,2617,110,2616,767,382,2616,115,389,117,112,114,113,115,2617,108,389,384,111,388,388,384,2900,2900,2904,380,116,115,1411,114,2615,110,113,111,2616,2900,115,109,1106,1054,1108,2762,1004,1106,2751,1001,1003,2751,1105,2753,1,4,0,1,2900,284,6,2624,3,5,2,285,6,2,5,2901,1119,1123,2768,2748,1115,2767,1117,1120,1127,2764,1130,2765,1126,1131,1133,1129,1126,2752,1128,2756,1123,1130,2598,2766,1027,1127,1129,1127,1015,1028,1131,1130,2758,1114,2752
DQA1*03:04,107,114,110,109,111,2902,113,2617,2614,112,118,2616,2618,111,2617,768,383,2617,116,390,118,113,115,114,116,2618,109,390,385,112,389,389,385,2899,2899,2903,381,117,116,1412,115,2616,111,114,112,2617,2899,116,110,1107,1055,1109,2761,1005,1107,2752,1002,1004,2752,1106,2754,2,5,1,0,2899,285,7,2625,4,6,3,286,7,3,6,2900,1120,1124,2767,2749,1116,2766,1118,1121,1128,2763,1131,2764,1127,1132,1134,1130,1127,2753,1129,2757,1124,1131,2599,2765,1028,1128,1130,1128,1016,1029,1132,1131,2759,1115,2753
DQA1*03:05,2904,2903,2901,2904,2904,79,2902,2106,2107,2901,2901,2107,2105,2902,2106,2797,2974,2108,2905,2975,2901,2904,2902,2899,2903,2105,2906,2977,2976,2903,2974,2974,2972,80,80,78,2974,2900,2901,2527,2902,2105,2902,2899,2901,2108,76,2901,2905,2646,2716,2646,714,2720,2644,2077,2721,2719,2079,2647,2075,2899,2900,2900,2899,0,2972,2900,2100,2901,2897,2900,2969,2900,2898,2897,5,2663,2661,714,2072,2659,717,2661,2664,2665,712,2666,707,2662,2665,2667,2661,2660,2084,2660,2080,2661,2662,2262,710,2737,2665,2663,2661,2739,2740,2663,2660,2082,2662,2076
DQA1*03:06,380,387,383,380,380,2975,384,2668,2665,385,391,2667,2669,384,2668,807,102,2668,389,109,391,382,386,387,389,2669,382,109,104,385,108,108,104,2972,2972,2976,100,390,387,1131,388,2667,384,387,385,2668,2972,391,383,1002,1094,1004,2836,724,1002,2803,721,723,2803,1001,2805,283,282,284,285,2972,0,284,2676,285,287,286,5,284,286,287,2973,1019,1023,2842,2802,1015,2841,1017,1020,1027,2838,1030,2839,1026,1031,1033,1029,1026,2804,1028,2808,1027,1030,2430,2840,747,1027,1029,1027,735,748,1031,1030,2810,1014,2804
DQA1*03:07,112,119,115,114,116,2903,118,2616,2613,117,123,2615,2617,116,2616,767,382,2616,121,389,123,118,120,119,121,2617,114,389,384,117,388,388,384,2900,2900,2904,380,122,121,1411,120,2615,116,119,117,2616,2900,121,115,1108,1054,1110,2762,1004,1108,2751,1001,1003,2751,1107,2753,7,2,6,7,2900,284,0,2624,9,11,8,285,4,8,11,2901,1121,1125,2768,2748,1117,2767,1119,1122,1129,2764,1132,2765,1128,1133,1135,1131,1128,2752,1130,2756,1125,1132,2594,2766,1027,1129,1131,1129,1015,1028,1133,1132,2758,1116,2752
DQA1*03:08,2622,2621,2619,2620,2620,2105,2622,90,91,2619,2621,89,93,2618,88,2399,2674,92,2623,2679,2623,2620,2620,2621,2621,91,2624,2673,2680,2617,2672,2672,2672,2104,2104,2104,2674,2622,2621,2707,2622,91,2624,2617,2617,88,2104,2623,2623,2620,2488,2620,2102,2674,2618,717,2677,2677,721,2619,719,2623,2626,2624,2625,2100,2676,2624,0,2625,2625,2624,2679,2626,2622,2625,2103,2617,2621,2094,732,2617,2097,2617,2618,2617,2098,2618,2097,2614,2619,2619,2613,2614,740,2612,742,2615,2612,734,2100,2669,2617,2619,2615,2675,2674,2619,2616,742,2614,724
DQA1*03:09,109,116,112,111,113,2904,115,2617,2614,114,120,2616,2618,113,2617,770,383,2617,118,390,120,115,117,116,118,2618,111,390,385,114,389,389,385,2901,2901,2905,381,119,118,1412,117,2616,113,116,114,2617,2901,118,112,1105,1057,1107,2763,1005,1105,2752,1002,1004,2752,1104,2754,4,7,3,4,2901,285,9,2625,0,8,5,286,9,5,8,2902,1118,1122,2769,2749,1114,2768,1116,1119,1126,2765,1129,2766,1125,1130,1132,1128,1125,2753,1127,2757,1122,1129,2599,2767,1028,1126,1128,1126,1016,1029,1130,1129,2759,1113,2753
DQA1*03:10,107,114,110,109,111,2900,113,2617,2614,112,118,2616,2618,111,2617,766,383,2617,116,390,118,113,115,114,116,2618,109,390,385,112,389,389,385,2897,2897,2901,381,117,116,1408,115,2616,111,114,112,2617,2897,118,110,1103,1055,1105,2763,1001,1103,2748,998,1000,2748,1102,2750,4,9,5,6,2897,287,11,2625,8,0,7,288,11,7,8,2898,1116,1120,2769,2747,1112,2768,1114,1117,1124,2765,1127,2766,1123,1128,1130,1126,1123,2749,1125,2753,1120,1127,2599,2767,1024,1124,1126,1124,1012,1025,1128,1127,2755,1111,2749
DQA1*03:11,108,115,111,106,112,2903,110,2616,2613,113,119,2615,2617,112,2616,769,384,2616,117,391,119,114,116,115,117,2617,110,391,382,113,390,390,386,2900,2900,2904,382,118,117,1413,116,2615,112,115,113,2616,2900,117,111,1108,1056,1110,2762,1006,1108,2751,1003,1005,2751,1107,2753,3,6,2,3,2900,286,8,2624,5,7,0,287,8,4,7,2901,1121,1125,2768,2748,1117,2767,1119,1122,1129,2764,1132,2765,1128,1133,1135,1131,1128,2752,1130,2756,1125,1132,2598,2766,1029,1129,1131,1129,1017,1030,1133,1132,2758,1116,2752
DQA1*03:12,381,388,384,381,381,2972,385,2671,2668,386,392,2670,2672,385,2671,808,103,2671,390,110,392,383,387,388,390,2672,383,110,105,386,109,109,105,2969,2969,2973,101,391,388,1132,389,2670,385,388,386,2671,2969,392,384,1003,1095,1005,2833,725,1003,2806,722,724,2806,1002,2808,284,283,285,286,2969,5,285,2679,286,288,287,0,285,287,288,2970,1020,1024,2839,2805,1016,2838,1018,1021,1028,2835,1031,2836,1027,1032,1034,1030,1027,2807,1029,2811,1028,1031,2433,2837,748,1028,1030,1028,736,749,1032,1031,2813,1015,2807
DQA1*03:13,112,119,115,114,116,2903,118,2618,2615,117,123,2617,2619,116,2618,767,382,2618,121,389,123,118,120,119,121,2619,114,389,384,117,388,388,384,2900,2900,2904,380,122,121,1411,120,2617,116,119,117,2618,2900,121,115,1108,1054,1110,2762,1004,1108,2753,1001,1003,2753,1107,2755,7,2,6,7,2900,284,4,2626,9,11,8,285,0,8,11,2901,1121,1125,2768,2750,1117,2767,1119,1122,1129,2764,1132,2765,1128,1133,1135,1131,1128,2754,1130,2758,1125,1132,2596,2766,1027,1129,1131,1129,1015,1028,1133,1132,2760,1116,2754
DQA1*03:14,108,115,111,110,112,2901,114,2614,2611,113,119,2613,2615,112,2614,769,384,2614,117,391,119,114,116,115,117,2615,110,391,386,113,390,390,386,2898,2898,2902,382,118,117,1409,116,2613,112,115,113,2614,2898,117,111,1108,1056,1110,2760,1006,1108,2749,1003,1005,2749,1107,2751,3,6,2,3,2898,286,8,2622,5,7,4,287,8,0,7,2899,1121,1125,2766,2746,1117,2765,1119,1122,1129,2762,1132,2763,1128,1133,1135,1131,1128,2750,1130,2754,1125,1132,2596,2764,1029,1129,1131,1129,1017,1030,1133,1132,2756,1116,2750
